2157
483
4706
4361
3973
2531
1997
1598
7871
684
638
1748
3931
4223
500
3523
7834
2104
9379
5272
9356
7573
8015
86
7305
7571
1471
6669
3798
2991
8886
1459
2101
7310
2968
1020
909
3346
1009
3155
9253
3042
5574
2364
8740
460
6953
4116
4627
1247
26926
26567
25932
11710
10927
20068
28540
18469
11839
16036
14155
14098
23272
21374
12428
20745
13825
16995
21721
29796
11191
21325
23492
30103
10795
26535
23346
9832
11595
15641
13495
20145
22189
22095
14953
19898
10888
13494
19405
9591
19508
16546
21449
17160
29585
27466
23570
26684
22227
13265
